aaron@Aarons-MacBook-Pro-5 cosc310 %  cd /Users/aaron/Library/CloudStorage/OneDrive-SamfordUniversity/Spring\ 2025/COSC\ 310/cosc310 ; /usr/bin/env /Library/Java/Java
VirtualMachines/jdk-17.0.1.jdk/Contents/Home/bin/java @/var/folders/lq/z7lz2knj1j3f_d__jb8djqh80000gn/T/cp_dxzbuqbls8bme7p776jej49fy.argfile chap14.ThreadDemoAll 
Time taken to initialize nums: 2481 ms
Found 1 at indicies [671827, 683747, 926869, 1092618, 1253945, 1476258, 1561260, 1607261, 1756056, 1880968, 2144422, 2285234, 2357348, 2539113, 2563916, 2610150, 2655272, 2776422, 2778554, 2854353, 2914626, 3432235, 3587408, 3597078, 3809623, 3895176, 4058123, 4190663, 4223457, 5057317, 5108359, 5128551, 5290216, 5328133, 5607570, 5743647, 5916303, 5977791, 6015318, 6325516, 6503767, 6704690, 6783048, 6932527, 6942011, 7167523, 7658232, 7808968, 8022846, 8292904, 8424409, 8488025, 8611724, 8642229, 8873490, 9031109, 9069205, 9350595, 9406952, 9427312, 9470320, 9473800, 9584894, 9655086, 9697844, 9757445, 9856642, 9969481, 10093060, 10384403, 10502150, 10582451, 10599147, 10692200, 10735880, 10789019, 10866234, 11368707, 11427875, 11452737, 11551622, 11687434, 11779807, 11825684, 11835552, 12068502, 12283865, 12671632, 13012342, 13120433, 13261694, 13406820, 13863870, 13871407, 14029861, 14044732, 14070329, 14856384, 15119834, 15307885, 15369437, 15411847, 15567002, 16513062, 16523512, 16608020, 16805685, 16874113, 16906076, 17021650, 17069884, 17126897, 17205959, 17304950, 17478527, 18184397, 18261814, 18305404, 18796563, 18843629, 18856772, 18908835, 18997062, 19083432, 19251002, 20332449, 20463722, 21054139, 21088825, 21218998, 21267203, 21397503, 21787860, 22280640, 23177883, 23327270, 23667753, 24007031, 24017421, 24227672, 24334122, 24413236, 24528773, 25348756, 25556849, 26169666, 26179422, 26198452, 26221651, 26251595, 26351984, 26629258, 26835007, 26911695, 27250392, 27280931, 27387627, 27472429, 27916426, 27938142, 28245921, 28273359, 28474637, 28536214, 28641916, 28985660, 29042649, 29084606, 29149043, 29241228, 29414943, 29420464, 29950726, 30341326, 30419718, 30476425, 30567783, 30905667, 31511326, 31529373, 31578651, 31783765, 31893835, 31922981, 32136303, 32322200, 32610601, 32873067, 33287184, 33893231, 34502866, 34678750, 34936340, 35092932, 35160819, 35317023, 35499264, 35510228, 35701084, 35733844, 35912606, 36171826, 36781800, 37012462, 37548850, 37910169, 37974881, 38062977, 38110893, 38346312, 38419949, 38420077, 38666134, 38694702, 38821662, 38905835, 38909921, 38985897, 39054594, 39145497, 39223225, 39249818, 39514411, 39721572, 40708418, 41152500, 41183023, 41227012, 41412580, 41468335, 41772736, 41787525, 42217816, 42291110, 42326611, 42481544, 42509880, 42993399, 43042851, 43552231, 43644443, 43934344, 44227627, 44502114, 44514344, 44546556, 44913808, 44953259, 45433423, 45849779, 46169267, 46345772, 46508736, 46653808, 46748109, 46926563, 47161111, 47161950, 47191003, 47630265, 47982265, 48194078, 48201291, 48301943, 48643707, 48970720, 49263135, 49285753, 49308658, 49474278, 49516981, 49540208, 49653380, 49836666, 50190730, 51288454, 51478198, 51671044, 51872667, 51904166, 52119964, 52142368, 52781335, 52790635, 53251571, 53614077, 53802046, 53930466, 53944705, 54066143, 54089826, 54547681, 54568686, 54638051, 54835205, 54971958, 55080953, 55247293, 55619876, 55764591, 56114200, 56150630, 56780739, 56914529, 57071162, 57164395, 57257127, 57356595, 57418802, 57465408, 57631282, 57803213, 57857713, 57918367, 57956077, 57994736, 58180693, 58338059, 58720962, 59146731, 59201812, 59679152, 59772672, 60090988, 60146536, 60729490, 60771248, 61030976, 61181161, 61427099, 61775110, 61956208, 62017714, 62079877, 62141004, 62199897, 62406021, 62451139, 62465800, 62943155, 63006295, 63058136, 63422080, 63911583, 64025036, 64257394, 64378961, 64672572, 65263965, 65474319, 65684117, 66010731, 66148496, 66301524, 66315541, 66405880, 66524576, 66568906, 66629952, 66789654, 66824358, 66977707, 66987087, 67440580, 67532503, 67564800, 67991609, 68521336, 68604868, 69333816, 69370202, 69574116, 69713903, 69857262, 69887578, 69912202, 70019829, 70169493, 70343448, 70387291, 70925677, 70977832, 70979410, 71827065, 71879149, 72246147, 72295593, 72777889, 72889028, 73057799, 73384273, 73667576, 74070915, 74284781, 74379533, 74566787, 74686801, 74735933, 74879858, 75038250, 75221456, 75244959, 75359234, 75776051, 75876124, 76539943, 76577104, 76775707, 76877611, 77299683, 77314107, 77341383, 77344863, 77500202, 77534279, 77994749, 78289265, 78364075, 78787485, 78808768, 79020599, 79412340, 79569932, 79771307, 79778829, 79992837, 80250093, 80447913, 80519584, 80594655, 80872430, 81070970, 81099946, 81148625, 81309719, 81644594, 81672245, 81765373, 81895811, 81916015, 82138470, 82189970, 82624384, 82790347, 82853221, 82943848, 83103690, 83104966, 83198612, 83463474, 83798818, 84731824, 84755911, 84833753, 84884460, 84990577, 85038610, 85137270, 85347915, 85477522, 85523575, 85555137, 85677947, 86204134, 86213932, 86216085, 86513845, 86967678, 87508188, 87640333, 87853919, 87854907, 88047993, 88555100, 88738729, 88953338, 89239579, 89320327, 89802737, 90245863, 90439904, 90622210, 90924888, 91465348, 91564601, 91715596, 91867415, 92360473, 92823807, 92916617, 93915634, 93942248, 94027938, 94117683, 94233255, 94367474, 94535758, 94596535, 94701232, 94957098, 95027215, 95049280, 95093271, 95242354, 95256418, 95468019, 96573832, 96661369, 96713051, 96814625, 96900493, 97114722, 97623329, 97758653, 97834552, 97888261, 97933778, 98435998, 98500145, 98570760, 98675350, 98935118, 99005775, 99009141, 99191930, 99279251, 99558602, 99736385, 99857404]
Time taken to search for 1: 51372 µs
Found 1 at indicies
 [671827, 683747, 926869, 1092618, 1253945, 1476258, 1561260, 1607261, 1756056, 1880968, 2144422, 2285234, 2357348, 2539113, 2563916, 2610150, 2655272, 2776422, 2778554, 2854353, 2914626, 3432235, 3587408, 3597078, 3809623, 3895176, 4058123, 4190663, 4223457, 5057317, 5108359, 5128551, 5290216, 5328133, 5607570, 5743647, 5916303, 5977791, 6015318, 6325516, 6503767, 6704690, 6783048, 6932527, 6942011, 7167523, 7658232, 7808968, 8022846, 8292904, 8424409, 8488025, 8611724, 8642229, 8873490, 9031109, 9069205, 9350595, 9406952, 9427312, 9470320, 9473800, 9584894, 9655086, 9697844, 9757445, 9856642, 9969481, 10093060, 10384403, 10502150, 10582451, 10599147, 10692200, 10735880, 10789019, 10866234, 11368707, 11427875, 11452737, 11551622, 11687434, 11779807, 11825684, 11835552, 12068502, 12283865, 12671632, 13012342, 13120433, 13261694, 13406820, 13863870, 13871407, 14029861, 14044732, 14070329, 14856384, 15119834, 15307885, 15369437, 15411847, 15567002, 16513062, 16523512, 16608020, 16805685, 16874113, 16906076, 17021650, 17069884, 17126897, 17205959, 17304950, 17478527, 18184397, 18261814, 18305404, 18796563, 18843629, 18856772, 18908835, 18997062, 19083432, 19251002, 20332449, 20463722, 21054139, 21088825, 21218998, 21267203, 21397503, 21787860, 22280640, 23177883, 23327270, 23667753, 24007031, 24017421, 24227672, 24334122, 24413236, 24528773, 25348756, 25556849, 26169666, 26179422, 26198452, 26221651, 26251595, 26351984, 26629258, 26835007, 26911695, 27250392, 27280931, 27387627, 27472429, 27916426, 27938142, 28245921, 28273359, 28474637, 28536214, 28641916, 28985660, 29042649, 29084606, 29149043, 29241228, 29414943, 29420464, 29950726, 30341326, 30419718, 30476425, 30567783, 30905667, 31511326, 31529373, 31578651, 31783765, 31893835, 31922981, 32136303, 32322200, 32610601, 32873067, 33287184, 33893231, 34502866, 34678750, 34936340, 35092932, 35160819, 35317023, 35499264, 35510228, 35701084, 35733844, 35912606, 36171826, 36781800, 37012462, 37548850, 37910169, 37974881, 38062977, 38110893, 38346312, 38419949, 38420077, 38666134, 38694702, 38821662, 38905835, 38909921, 38985897, 39054594, 39145497, 39223225, 39249818, 39514411, 39721572, 40708418, 41152500, 41183023, 41227012, 41412580, 41468335, 41772736, 41787525, 42217816, 42291110, 42326611, 42481544, 42509880, 42993399, 43042851, 43552231, 43644443, 43934344, 44227627, 44502114, 44514344, 44546556, 44913808, 44953259, 45433423, 45849779, 46169267, 46345772, 46508736, 46653808, 46748109, 46926563, 47161111, 47161950, 47191003, 47630265, 47982265, 48194078, 48201291, 48301943, 48643707, 48970720, 49263135, 49285753, 49308658, 49474278, 49516981, 49540208, 49653380, 49836666, 50190730, 51288454, 51478198, 51671044, 51872667, 51904166, 52119964, 52142368, 52781335, 52790635, 53251571, 53614077, 53802046, 53930466, 53944705, 54066143, 54089826, 54547681, 54568686, 54638051, 54835205, 54971958, 55080953, 55247293, 55619876, 55764591, 56114200, 56150630, 56780739, 56914529, 57071162, 57164395, 57257127, 57356595, 57418802, 57465408, 57631282, 57803213, 57857713, 57918367, 57956077, 57994736, 58180693, 58338059, 58720962, 59146731, 59201812, 59679152, 59772672, 60090988, 60146536, 60729490, 60771248, 61030976, 61181161, 61427099, 61775110, 61956208, 62017714, 62079877, 62141004, 62199897, 62406021, 62451139, 62465800, 62943155, 63006295, 63058136, 63422080, 63911583, 64025036, 64257394, 64378961, 64672572, 65263965, 65474319, 65684117, 66010731, 66148496, 66301524, 66315541, 66405880, 66524576, 66568906, 66629952, 66789654, 66824358, 66977707, 66987087, 67440580, 67532503, 67564800, 67991609, 68521336, 68604868, 69333816, 69370202, 69574116, 69713903, 69857262, 69887578, 69912202, 70019829, 70169493, 70343448, 70387291, 70925677, 70977832, 70979410, 71827065, 71879149, 72246147, 72295593, 72777889, 72889028, 73057799, 73384273, 73667576, 74070915, 74284781, 74379533, 74566787, 74686801, 74735933, 74879858, 75038250, 75221456, 75244959, 75359234, 75776051, 75876124, 76539943, 76577104, 76775707, 76877611, 77299683, 77314107, 77341383, 77344863, 77500202, 77534279, 77994749, 78289265, 78364075, 78787485, 78808768, 79020599, 79412340, 79569932, 79771307, 79778829, 79992837, 80250093, 80447913, 80519584, 80594655, 80872430, 81070970, 81099946, 81148625, 81309719, 81644594, 81672245, 81765373, 81895811, 81916015, 82138470, 82189970, 82624384, 82790347, 82853221, 82943848, 83103690, 83104966, 83198612, 83463474, 83798818, 84731824, 84755911, 84833753, 84884460, 84990577, 85038610, 85137270, 85347915, 85477522, 85523575, 85555137, 85677947, 86204134, 86213932, 86216085, 86513845, 86967678, 87508188, 87640333, 87853919, 87854907, 88047993, 88555100, 88738729, 88953338, 89239579, 89320327, 89802737, 90245863, 90439904, 90622210, 90924888, 91465348, 91564601, 91715596, 91867415, 92360473, 92823807, 92916617, 93915634, 93942248, 94027938, 94117683, 94233255, 94367474, 94535758, 94596535, 94701232, 94957098, 95027215, 95049280, 95093271, 95242354, 95256418, 95468019, 96573832, 96661369, 96713051, 96814625, 96900493, 97114722, 97623329, 97758653, 97834552, 97888261, 97933778, 98435998, 98500145, 98570760, 98675350, 98935118, 99005775, 99009141, 99191930, 99279251, 99558602, 99736385, 99857404]
Time taken to search for 1 using threads: 29874 µs
aaron@Aarons-MacBook-Pro-5 cosc310 %  cd /Users/aaron/Library/CloudStorage/OneDrive-SamfordUniversity/Spring\ 2025/COSC\ 310/cosc310 ; /usr/bin/env /Library/Java/Java
VirtualMachines/jdk-17.0.1.jdk/Contents/Home/bin/java @/var/folders/lq/z7lz2knj1j3f_d__jb8djqh80000gn/T/cp_dxzbuqbls8bme7p776jej49fy.argfile chap14.ThreadDemoAll 
Time taken to initialize nums: 2423 ms
Found 100 at indicies [205320, 274315, 329111, 343533, 375128, 380113, 403440, 724144, 868875, 902416, 1281134, 1565638, 1828401, 1888824, 2215180, 2259695, 2445404, 2637263, 3058345, 3109128, 3263533, 3587803, 4250694, 4443083, 4666161, 4799913, 4827710, 4906677, 5115271, 5428380, 5531816, 5661752, 6640455, 6824542, 7031833, 7117162, 7928407, 8207810, 8408356, 8574678, 9201674, 9267451, 9492176, 10248127, 10350624, 10615392, 10924726, 11102976, 11187375, 12036385, 12106410, 12147461, 12249718, 12419773, 12769274, 12783473, 12799487, 13032463, 13126426, 13458702, 13626216, 13729536, 13749500, 14073997, 15144484, 15934762, 16518313, 16519487, 16882393, 16904262, 16942795, 17370509, 17570440, 17587285, 17587995, 17715605, 17895325, 17987157, 18171228, 18222834, 18739684, 19290605, 19802315, 19832398, 20106539, 20296088, 20653067, 20739169, 20818872, 21063196, 22095011, 22182353, 22367319, 22447295, 22642458, 22840734, 23104650, 23273958, 23300499, 23544862, 23568817, 23748731, 24424457, 24590781, 24653479, 24901599, 24954820, 25223374, 25432179, 25475519, 25514879, 25588750, 25787492, 25797167, 25825959, 25976529, 26070941, 26107776, 26163926, 26165036, 26222104, 26433011, 26470739, 26566657, 26586653, 26635667, 26998911, 27206420, 27338452, 27613022, 27648031, 27689467, 28246784, 28495695, 28713057, 28827623, 29006659, 29289955, 29584160, 29588422, 29820782, 30143323, 30484862, 31111642, 31614956, 31681395, 33134263, 33264534, 33280471, 33456220, 33586226, 33808648, 33887487, 34013095, 34267491, 34712594, 34844258, 34994285, 35292444, 35522347, 35721299, 36172775, 36190123, 36292748, 36323672, 36778721, 36962720, 37229879, 37537208, 37669264, 37791213, 38106835, 38433308, 38464317, 38862532, 39163087, 39274823, 39540633, 39620404, 39797839, 39829986, 40000052, 40040778, 40365766, 40481162, 40532705, 40752859, 40809907, 41131926, 41502715, 41576549, 41629031, 41931700, 42352936, 42383877, 42534767, 42656511, 43094112, 43100918, 43255811, 43299189, 43323980, 43863540, 44427187, 44875249, 45182603, 45733327, 45861719, 45947682, 45987207, 46001042, 46297007, 46336824, 46439210, 46595412, 46837790, 46885731, 47471853, 47521910, 47723219, 47773657, 47875851, 48096064, 48347780, 48559629, 48751503, 48941401, 49269490, 49317374, 49390133, 49397154, 49489985, 49539785, 49595091, 50042388, 50216539, 50291532, 50408442, 50483635, 50640279, 50867508, 50914988, 50987694, 51310264, 51718030, 52288253, 52611635, 52628144, 52723049, 52758475, 52916343, 53183173, 53270046, 53281815, 53377547, 53594658, 53756836, 53798195, 53894699, 54280712, 54364143, 54498371, 54519242, 54825302, 54833306, 55159501, 55211666, 55370157, 55408364, 55432344, 55637237, 56145129, 56203002, 56467343, 56548439, 56617102, 56678089, 56696435, 56709759, 56836772, 57026983, 57031217, 57202092, 57366676, 57462688, 57500658, 57835654, 57868329, 58030190, 58426531, 58446706, 58565868, 58964324, 59006401, 59112259, 59455219, 59747719, 59767807, 60069363, 60149418, 60902878, 61373692, 61659517, 61699638, 61861472, 62028219, 62110177, 62240777, 62254986, 62419749, 62468470, 62554306, 62674922, 62821593, 62878638, 63020843, 63091549, 63257003, 63799854, 63854420, 63950068, 64297107, 64565005, 64596614, 64786846, 64935281, 65405321, 65988797, 66022203, 66362667, 66808429, 66821547, 67152736, 67396592, 67714064, 67827922, 67932270, 68184419, 68477238, 68595635, 68762879, 68871571, 69419765, 69526763, 69543086, 70048901, 70085966, 70494237, 70668532, 70689511, 70747251, 71271907, 71311070, 71812769, 72116718, 72130507, 72211203, 72286484, 72863769, 73025495, 73134718, 73522663, 73613891, 73679116, 73691992, 73865491, 74016545, 74048621, 74600351, 74970488, 75030579, 75030894, 75057645, 75192392, 75214936, 75340161, 76120505, 76586892, 76704810, 76946325, 76966332, 77161068, 77183794, 77310718, 77485376, 77554930, 77615228, 77918692, 78217455, 78714563, 78731574, 78831650, 78967499, 79023290, 79348303, 79420508, 79441043, 79590221, 79716292, 79717941, 80323677, 80426392, 80826020, 81198152, 81291539, 81639679, 81744198, 81768752, 81776404, 81909954, 81912398, 81915585, 82011774, 82268898, 82521448, 82684550, 82719472, 82761263, 82886175, 83059166, 83168623, 83303306, 83346317, 83361028, 83396803, 83818331, 83978885, 83992219, 84230838, 84419517, 84483492, 84524842, 84716354, 84784880, 85072782, 85124338, 85482371, 86056496, 86320433, 86459197, 86490764, 86532279, 86699392, 86744212, 87031528, 87499396, 87840791, 87961096, 88195575, 88402791, 88733124, 89142741, 89273877, 89292116, 89443925, 89869306, 90061364, 90148277, 90258322, 90688894, 91234678, 91345830, 91610520, 91647528, 91650614, 91781544, 91872184, 91978047, 92177181, 92204147, 92436959, 92461604, 92948728, 93017745, 93870980, 94196313, 94216924, 94303560, 94318281, 94480186, 94673680, 94733841, 95236094, 95420732, 95732188, 95921084, 96036976, 96073120, 96101765, 96197894, 96235575, 96241338, 96359742, 96524752, 96565007, 96728991, 96751377, 97272947, 97342736, 97746457, 97803463, 98445035, 98508287, 98552127, 98607436, 98964475, 99009120, 99065127, 99109761, 99169627, 99511605, 99569219, 99706939, 99789719, 99999319]
Time taken to search for 100: 55125 µs
Found 100 at indicies
 [205320, 274315, 329111, 343533, 375128, 380113, 403440, 724144, 868875, 902416, 1281134, 1565638, 1828401, 1888824, 2215180, 2259695, 2445404, 2637263, 3058345, 3109128, 3263533, 3587803, 4250694, 4443083, 4666161, 4799913, 4827710, 4906677, 5115271, 5428380, 5531816, 5661752, 6640455, 6824542, 7031833, 7117162, 7928407, 8207810, 8408356, 8574678, 9201674, 9267451, 9492176, 10248127, 10350624, 10615392, 10924726, 11102976, 11187375, 12036385, 12106410, 12147461, 12249718, 12419773, 12769274, 12783473, 12799487, 13032463, 13126426, 13458702, 13626216, 13729536, 13749500, 14073997, 15144484, 15934762, 16518313, 16519487, 16882393, 16904262, 16942795, 17370509, 17570440, 17587285, 17587995, 17715605, 17895325, 17987157, 18171228, 18222834, 18739684, 19290605, 19802315, 19832398, 20106539, 20296088, 20653067, 20739169, 20818872, 21063196, 22095011, 22182353, 22367319, 22447295, 22642458, 22840734, 23104650, 23273958, 23300499, 23544862, 23568817, 23748731, 24424457, 24590781, 24653479, 24901599, 24954820, 25223374, 25432179, 25475519, 25514879, 25588750, 25787492, 25797167, 25825959, 25976529, 26070941, 26107776, 26163926, 26165036, 26222104, 26433011, 26470739, 26566657, 26586653, 26635667, 26998911, 27206420, 27338452, 27613022, 27648031, 27689467, 28246784, 28495695, 28713057, 28827623, 29006659, 29289955, 29584160, 29588422, 29820782, 30143323, 30484862, 31111642, 31614956, 31681395, 33134263, 33264534, 33280471, 33456220, 33586226, 33808648, 33887487, 34013095, 34267491, 34712594, 34844258, 34994285, 35292444, 35522347, 35721299, 36172775, 36190123, 36292748, 36323672, 36778721, 36962720, 37229879, 37537208, 37669264, 37791213, 38106835, 38433308, 38464317, 38862532, 39163087, 39274823, 39540633, 39620404, 39797839, 39829986, 40000052, 40040778, 40365766, 40481162, 40532705, 40752859, 40809907, 41131926, 41502715, 41576549, 41629031, 41931700, 42352936, 42383877, 42534767, 42656511, 43094112, 43100918, 43255811, 43299189, 43323980, 43863540, 44427187, 44875249, 45182603, 45733327, 45861719, 45947682, 45987207, 46001042, 46297007, 46336824, 46439210, 46595412, 46837790, 46885731, 47471853, 47521910, 47723219, 47773657, 47875851, 48096064, 48347780, 48559629, 48751503, 48941401, 49269490, 49317374, 49390133, 49397154, 49489985, 49539785, 49595091, 50042388, 50216539, 50291532, 50408442, 50483635, 50640279, 50867508, 50914988, 50987694, 51310264, 51718030, 52288253, 52611635, 52628144, 52723049, 52758475, 52916343, 53183173, 53270046, 53281815, 53377547, 53594658, 53756836, 53798195, 53894699, 54280712, 54364143, 54498371, 54519242, 54825302, 54833306, 55159501, 55211666, 55370157, 55408364, 55432344, 55637237, 56145129, 56203002, 56467343, 56548439, 56617102, 56678089, 56696435, 56709759, 56836772, 57026983, 57031217, 57202092, 57366676, 57462688, 57500658, 57835654, 57868329, 58030190, 58426531, 58446706, 58565868, 58964324, 59006401, 59112259, 59455219, 59747719, 59767807, 60069363, 60149418, 60902878, 61373692, 61659517, 61699638, 61861472, 62028219, 62110177, 62240777, 62254986, 62419749, 62468470, 62554306, 62674922, 62821593, 62878638, 63020843, 63091549, 63257003, 63799854, 63854420, 63950068, 64297107, 64565005, 64596614, 64786846, 64935281, 65405321, 65988797, 66022203, 66362667, 66808429, 66821547, 67152736, 67396592, 67714064, 67827922, 67932270, 68184419, 68477238, 68595635, 68762879, 68871571, 69419765, 69526763, 69543086, 70048901, 70085966, 70494237, 70668532, 70689511, 70747251, 71271907, 71311070, 71812769, 72116718, 72130507, 72211203, 72286484, 72863769, 73025495, 73134718, 73522663, 73613891, 73679116, 73691992, 73865491, 74016545, 74048621, 74600351, 74970488, 75030579, 75030894, 75057645, 75192392, 75214936, 75340161, 76120505, 76586892, 76704810, 76946325, 76966332, 77161068, 77183794, 77310718, 77485376, 77554930, 77615228, 77918692, 78217455, 78714563, 78731574, 78831650, 78967499, 79023290, 79348303, 79420508, 79441043, 79590221, 79716292, 79717941, 80323677, 80426392, 80826020, 81198152, 81291539, 81639679, 81744198, 81768752, 81776404, 81909954, 81912398, 81915585, 82011774, 82268898, 82521448, 82684550, 82719472, 82761263, 82886175, 83059166, 83168623, 83303306, 83346317, 83361028, 83396803, 83818331, 83978885, 83992219, 84230838, 84419517, 84483492, 84524842, 84716354, 84784880, 85072782, 85124338, 85482371, 86056496, 86320433, 86459197, 86490764, 86532279, 86699392, 86744212, 87031528, 87499396, 87840791, 87961096, 88195575, 88402791, 88733124, 89142741, 89273877, 89292116, 89443925, 89869306, 90061364, 90148277, 90258322, 90688894, 91234678, 91345830, 91610520, 91647528, 91650614, 91781544, 91872184, 91978047, 92177181, 92204147, 92436959, 92461604, 92948728, 93017745, 93870980, 94196313, 94216924, 94303560, 94318281, 94480186, 94673680, 94733841, 95236094, 95420732, 95732188, 95921084, 96036976, 96073120, 96101765, 96197894, 96235575, 96241338, 96359742, 96524752, 96565007, 96728991, 96751377, 97272947, 97342736, 97746457, 97803463, 98445035, 98508287, 98552127, 98607436, 98964475, 99009120, 99065127, 99109761, 99169627, 99511605, 99569219, 99706939, 99789719, 99999319]
Time taken to search for 100 using threads: 34308 µs
aaron@Aarons-MacBook-Pro-5 cosc310 %  cd /Users/aaron/Library/CloudStorage/OneDrive-SamfordUniversity/Spring\ 2025/COSC\ 310/cosc310 ; /usr/bin/env /Library/Java/Java
VirtualMachines/jdk-17.0.1.jdk/Contents/Home/bin/java @/var/folders/lq/z7lz2knj1j3f_d__jb8djqh80000gn/T/cp_dxzbuqbls8bme7p776jej49fy.argfile chap14.ThreadDemoAll 
Time taken to initialize nums: 2231 ms
Found -348 at indicies [138691, 150066, 241183, 538805, 746047, 1356879, 1378492, 2034491, 2042801, 2140249, 2215707, 2265216, 2467222, 2657596, 2714480, 2733970, 3028693, 3088122, 3203679, 3212890, 3271319, 3288955, 3308999, 3502139, 3609426, 3900462, 4166555, 4196324, 4452721, 4491570, 4518492, 4533814, 4594826, 4768317, 4936050, 5012221, 5017128, 5148688, 5370049, 5383237, 5736499, 6236613, 6333946, 6334774, 6456103, 6532612, 6536009, 6838086, 7270336, 7657954, 8392538, 8540606, 8923285, 8976133, 9028568, 9172180, 9270659, 9313470, 9469192, 10057256, 10156757, 10486342, 10603489, 10614495, 11291289, 11585456, 11933740, 12201392, 12259056, 12381717, 12385417, 12443240, 12519214, 12557908, 12624228, 12968233, 13368437, 13443939, 13589722, 13606072, 13730334, 13838543, 14221907, 14235766, 14612017, 14622130, 15043099, 15327529, 15463616, 15722439, 15775365, 16137984, 16209096, 16493100, 16531441, 16560470, 16572135, 16603697, 16702110, 16832796, 17279241, 17287774, 17491799, 17630619, 17831387, 18639061, 18786338, 18850873, 18981738, 19217282, 19347512, 19379014, 19469899, 19653859, 19897465, 20056525, 20115451, 20185549, 20212319, 20269288, 20299009, 20303093, 20339888, 20383139, 20614514, 20663305, 20758262, 21266787, 21679673, 22170784, 22501557, 22549902, 22572406, 23124512, 23210646, 23323344, 23423421, 23803479, 23806923, 23938167, 24134035, 24195889, 24688123, 24860433, 24861205, 24866362, 24934677, 25284006, 25401896, 25406705, 25662171, 26293148, 26303632, 26356061, 26858720, 27056425, 27322996, 27386839, 27468333, 27556992, 27576542, 27697356, 27727357, 27750189, 27770296, 27891563, 27899354, 28124569, 28252455, 28517192, 28814549, 29063245, 29073340, 29361159, 29399909, 29554111, 29556142, 29583816, 29595727, 29952155, 30237709, 30279985, 30398465, 30592127, 30717870, 31185986, 31230076, 31394071, 31396401, 31936646, 32126254, 32298805, 32429155, 32721191, 33028556, 33099065, 33186047, 33418277, 33549737, 33559139, 33895751, 33962694, 33977386, 34345499, 34607409, 34893449, 35358899, 36477914, 36552718, 36624206, 36759631, 37109945, 37237577, 37530373, 37655556, 37696918, 37705414, 37990037, 38173522, 38196156, 38295989, 38425117, 38557152, 38778664, 38844196, 38881295, 39116727, 39355713, 39382349, 39391283, 39495390, 39712094, 39978955, 39981118, 40416322, 40636016, 41247745, 41255471, 41255690, 41370324, 41553774, 42161481, 42519873, 42541876, 42730358, 42957998, 43054619, 43174525, 43326991, 43947011, 44013221, 44211728, 44361409, 44541002, 44567301, 44699159, 44976204, 45583644, 46164854, 46277886, 46923442, 46950647, 46983142, 47217833, 47435163, 47991801, 48689175, 48897051, 49327889, 49505359, 49521759, 49659654, 49860968, 49946665, 50030851, 50860547, 51001361, 51595843, 51629705, 51816990, 51822227, 51980301, 52076362, 52214451, 52313346, 52589349, 52596193, 52637048, 52662561, 52769966, 53202967, 53554670, 54451304, 54666160, 54771881, 55000876, 55078656, 55259687, 55298020, 55457106, 55708412, 56052177, 56101377, 56233090, 56261282, 56654946, 56867867, 57057665, 57090223, 57152032, 57408974, 58276828, 58469781, 58481855, 58516688, 58636385, 58670496, 58870307, 58987909, 59114635, 59264655, 59615067, 59630572, 59688520, 59756301, 60093031, 60266386, 60310994, 60360704, 60683387, 60769548, 60881472, 60912062, 61625615, 62307019, 62727789, 62786451, 62923457, 63003474, 63454462, 63676205, 63822451, 64111744, 64304239, 64457413, 64591871, 64671925, 64726381, 65036134, 65128095, 65311170, 65682535, 65909412, 66035345, 66072152, 66365857, 66789607, 66825923, 67224907, 67296782, 67557361, 67706453, 67969328, 68100238, 68167773, 68219879, 68326006, 68653252, 69045143, 69206139, 69207411, 69207931, 69303583, 69979011, 70135249, 70416810, 70482451, 70722910, 70940303, 71119136, 71916441, 72050818, 72182973, 72258260, 72323321, 72326755, 72687695, 72693009, 72693050, 72811236, 72962923, 73070977, 73291226, 73625667, 73818862, 73962473, 74173687, 74200926, 74326432, 74382871, 74464819, 74825655, 74899992, 75240519, 75558446, 75746015, 75799746, 75927737, 75993215, 76025590, 76330836, 76342204, 76404062, 76603215, 76970231, 77480560, 77530623, 78024197, 78036201, 78442040, 78650614, 78925131, 79099946, 79474034, 79482698, 80002151, 80325153, 80537391, 80889331, 81006740, 81024877, 81839643, 81980764, 82020655, 82074385, 82149526, 82202269, 82398537, 82731171, 82758883, 82817977, 83063398, 83317358, 83820286, 83952110, 83958707, 83960226, 84060826, 84864794, 84962762, 85014795, 85139070, 85470890, 85497275, 85762370, 85769244, 86021988, 86082995, 86154770, 86372065, 86517786, 86618878, 87036376, 87037141, 87251734, 88205559, 88332924, 88622578, 88692202, 88848726, 88965996, 89105197, 89139318, 89193785, 89588747, 89850593, 90747462, 91195258, 91252969, 91630315, 91764188, 91829534, 92443903, 92444689, 93096117, 93378275, 93461569, 93510155, 93559297, 93778804, 93851914, 95329636, 95993026, 96079115, 96283037, 96286235, 96426472, 96708351, 96805435, 97117175, 97296912, 97506438, 97631386, 97689747, 97916866, 97937535, 98240915, 98391151, 98392120, 98744758, 99177775, 99347333, 99394067, 99396778, 99397828, 99436126, 99965455]
Time taken to search for -348: 131670 µs
Found -348 at indicies
 [138691, 150066, 241183, 538805, 746047, 1356879, 1378492, 2034491, 2042801, 2140249, 2215707, 2265216, 2467222, 2657596, 2714480, 2733970, 3028693, 3088122, 3203679, 3212890, 3271319, 3288955, 3308999, 3502139, 3609426, 3900462, 4166555, 4196324, 4452721, 4491570, 4518492, 4533814, 4594826, 4768317, 4936050, 5012221, 5017128, 5148688, 5370049, 5383237, 5736499, 6236613, 6333946, 6334774, 6456103, 6532612, 6536009, 6838086, 7270336, 7657954, 8392538, 8540606, 8923285, 8976133, 9028568, 9172180, 9270659, 9313470, 9469192, 10057256, 10156757, 10486342, 10603489, 10614495, 11291289, 11585456, 11933740, 12201392, 12259056, 12381717, 12385417, 12443240, 12519214, 12557908, 12624228, 12968233, 13368437, 13443939, 13589722, 13606072, 13730334, 13838543, 14221907, 14235766, 14612017, 14622130, 15043099, 15327529, 15463616, 15722439, 15775365, 16137984, 16209096, 16493100, 16531441, 16560470, 16572135, 16603697, 16702110, 16832796, 17279241, 17287774, 17491799, 17630619, 17831387, 18639061, 18786338, 18850873, 18981738, 19217282, 19347512, 19379014, 19469899, 19653859, 19897465, 20056525, 20115451, 20185549, 20212319, 20269288, 20299009, 20303093, 20339888, 20383139, 20614514, 20663305, 20758262, 21266787, 21679673, 22170784, 22501557, 22549902, 22572406, 23124512, 23210646, 23323344, 23423421, 23803479, 23806923, 23938167, 24134035, 24195889, 24688123, 24860433, 24861205, 24866362, 24934677, 25284006, 25401896, 25406705, 25662171, 26293148, 26303632, 26356061, 26858720, 27056425, 27322996, 27386839, 27468333, 27556992, 27576542, 27697356, 27727357, 27750189, 27770296, 27891563, 27899354, 28124569, 28252455, 28517192, 28814549, 29063245, 29073340, 29361159, 29399909, 29554111, 29556142, 29583816, 29595727, 29952155, 30237709, 30279985, 30398465, 30592127, 30717870, 31185986, 31230076, 31394071, 31396401, 31936646, 32126254, 32298805, 32429155, 32721191, 33028556, 33099065, 33186047, 33418277, 33549737, 33559139, 33895751, 33962694, 33977386, 34345499, 34607409, 34893449, 35358899, 36477914, 36552718, 36624206, 36759631, 37109945, 37237577, 37530373, 37655556, 37696918, 37705414, 37990037, 38173522, 38196156, 38295989, 38425117, 38557152, 38778664, 38844196, 38881295, 39116727, 39355713, 39382349, 39391283, 39495390, 39712094, 39978955, 39981118, 40416322, 40636016, 41247745, 41255471, 41255690, 41370324, 41553774, 42161481, 42519873, 42541876, 42730358, 42957998, 43054619, 43174525, 43326991, 43947011, 44013221, 44211728, 44361409, 44541002, 44567301, 44699159, 44976204, 45583644, 46164854, 46277886, 46923442, 46950647, 46983142, 47217833, 47435163, 47991801, 48689175, 48897051, 49327889, 49505359, 49521759, 49659654, 49860968, 49946665, 50030851, 50860547, 51001361, 51595843, 51629705, 51816990, 51822227, 51980301, 52076362, 52214451, 52313346, 52589349, 52596193, 52637048, 52662561, 52769966, 53202967, 53554670, 54451304, 54666160, 54771881, 55000876, 55078656, 55259687, 55298020, 55457106, 55708412, 56052177, 56101377, 56233090, 56261282, 56654946, 56867867, 57057665, 57090223, 57152032, 57408974, 58276828, 58469781, 58481855, 58516688, 58636385, 58670496, 58870307, 58987909, 59114635, 59264655, 59615067, 59630572, 59688520, 59756301, 60093031, 60266386, 60310994, 60360704, 60683387, 60769548, 60881472, 60912062, 61625615, 62307019, 62727789, 62786451, 62923457, 63003474, 63454462, 63676205, 63822451, 64111744, 64304239, 64457413, 64591871, 64671925, 64726381, 65036134, 65128095, 65311170, 65682535, 65909412, 66035345, 66072152, 66365857, 66789607, 66825923, 67224907, 67296782, 67557361, 67706453, 67969328, 68100238, 68167773, 68219879, 68326006, 68653252, 69045143, 69206139, 69207411, 69207931, 69303583, 69979011, 70135249, 70416810, 70482451, 70722910, 70940303, 71119136, 71916441, 72050818, 72182973, 72258260, 72323321, 72326755, 72687695, 72693009, 72693050, 72811236, 72962923, 73070977, 73291226, 73625667, 73818862, 73962473, 74173687, 74200926, 74326432, 74382871, 74464819, 74825655, 74899992, 75240519, 75558446, 75746015, 75799746, 75927737, 75993215, 76025590, 76330836, 76342204, 76404062, 76603215, 76970231, 77480560, 77530623, 78024197, 78036201, 78442040, 78650614, 78925131, 79099946, 79474034, 79482698, 80002151, 80325153, 80537391, 80889331, 81006740, 81024877, 81839643, 81980764, 82020655, 82074385, 82149526, 82202269, 82398537, 82731171, 82758883, 82817977, 83063398, 83317358, 83820286, 83952110, 83958707, 83960226, 84060826, 84864794, 84962762, 85014795, 85139070, 85470890, 85497275, 85762370, 85769244, 86021988, 86082995, 86154770, 86372065, 86517786, 86618878, 87036376, 87037141, 87251734, 88205559, 88332924, 88622578, 88692202, 88848726, 88965996, 89105197, 89139318, 89193785, 89588747, 89850593, 90747462, 91195258, 91252969, 91630315, 91764188, 91829534, 92443903, 92444689, 93096117, 93378275, 93461569, 93510155, 93559297, 93778804, 93851914, 95329636, 95993026, 96079115, 96283037, 96286235, 96426472, 96708351, 96805435, 97117175, 97296912, 97506438, 97631386, 97689747, 97916866, 97937535, 98240915, 98391151, 98392120, 98744758, 99177775, 99347333, 99394067, 99396778, 99397828, 99436126, 99965455]
Time taken to search for -348 using threads: 32504 µs
aaron@Aarons-MacBook-Pro-5 cosc310 %  cd /Users/aaron/Library/CloudStorage/OneDrive-SamfordUniversity/Spring\ 2025/COSC\ 310/cosc310 ; /usr/bin/env /Library/Java/Java
VirtualMachines/jdk-17.0.1.jdk/Contents/Home/bin/java @/var/folders/lq/z7lz2knj1j3f_d__jb8djqh80000gn/T/cp_dxzbuqbls8bme7p776jej49fy.argfile chap14.ThreadDemoAll 
Time taken to initialize nums: 2017 ms
100001 not found
Time taken to search for 100001: 109255 µs
100001 not found
Time taken to search for 100001 using threads: 18274 µs
aaron@Aarons-MacBook-Pro-5 cosc310 % 